0.48242559,0.173700482,0.215956125,0.068903474,0.03113896,0.003296805,0.011903429,0.005137611,0.007537524
0.038900167,0.342163229,0.535450974,0.029851668,0.000626058,0.022288978,0.002351162,0.019371299,0.008996465
0.05498553,0.129246088,0.445013931,0.181924306,0.163844701,0.016326649,0.00588442,0.000549213,0.002225163
0.506965934,0.398917402,0.052477047,0.023845131,0.016999341,0.000793872,1.02148E-06,1.68845E-07,8.32961E-08
0.581242703,0.280493432,0.089526264,0.045091855,0.00191901,0.001133056,0.000341354,0.000228779,2.35478E-05
0.830838719,0.148430071,0.0027882,0.0021215,0.006961931,0.005003242,0.003259336,0.000525016,7.19847E-05
0.341911869,0.208295996,0.388020357,0.031335481,0.006655583,0.015802438,0.005917832,0.000272878,0.001787565
0.37624884,0.38571964,0.201708756,0.031647208,0.001200684,0.001365582,0.001566123,2.08918E-06,0.000541077
0.71100874,0.131271416,0.128407304,0.000524986,0.013462005,0.00648085,0.004019227,0.002616579,0.002208892
0.297775566,0.005864526,0.4946284,0.082039696,0.02908727,0.054360965,0.028553333,8.68935E-05,0.007603352
0.45054034,0.130000785,0.075875447,0.222378646,0.037507408,0.03527547,0.015629469,0.007773326,0.025019109
0.743980371,0.1951668,0.019968848,0.006616461,0.024764486,0.005639892,0.000932473,0.001705152,0.001225518
0.562288938,0.141904096,0.220881479,0.015966743,0.036344947,0.006222732,0.006157337,0.004226809,0.006006917
0.678475871,0.139442832,0.049457443,0.10610604,0.012670663,0.003122103,0.009217568,8.97756E-05,0.001417704
0.630130389,0.30005845,0.035024263,0.001710748,0.03138441,0.001491085,0.000192503,4.86244E-06,3.28956E-06
0.711121268,0.223746173,0.016435401,0.038227819,0.003571869,0.001963792,0.003206443,0.001720675,6.55909E-06
0.7109924,0.007700024,0.12230377,0.035460331,0.025015627,0.060852089,0.000274164,0.027031172,0.010370422
0.37302429,0.361228757,0.126677909,0.047861101,0.038278444,0.051655044,0.000265482,0.000801285,0.000207688
0.117722821,0.061181393,0.396175155,0.182471223,0.172038209,0.047901341,0.009045005,0.006546091,0.006918762
0.303911064,0.218026004,0.074842704,0.084979461,0.072932695,0.217176067,0.021393835,0.000246203,0.006491968
0.078953641,0.554100215,0.096932631,0.185043993,0.081972953,0.002983876,4.77682E-06,6.59934E-06,1.31415E-06
0.929842844,0.000660113,0.036209987,0.029146286,0.001165173,0.002263996,0.000466691,0.000199072,4.58374E-05
0.105086109,0.330590707,0.254380806,0.003786268,0.093905921,0.012199885,0.109673876,0.061870442,0.028505986
0.659379111,0.190197621,0.006679113,0.007553737,0.135615243,0.000182502,0.000135737,0.000214044,4.28921E-05
0.478209763,0.329981294,0.114317643,0.061112232,0.001907285,0.001249969,0.004490765,0.003832855,0.004898194
0.869736031,0.054140522,0.052352305,0.014365456,0.003332146,0.005299237,0.000222411,0.000376676,0.000175216
0.273353245,0.255506358,0.01830709,0.024050293,0.082502591,0.111741694,0.11241444,0.039839541,0.082284746
0.400441129,0.287809243,0.109729042,0.141222219,0.028816719,0.023563028,0.004926956,0.000140301,0.003351363
0.878601928,0.049232021,0.033041973,0.004388145,0.000732721,0.003875708,0.00987858,0.017091208,0.003157715
0.788975054,0.002418549,0.150812696,0.050599304,0.003515019,0.000162369,0.003321586,2.51553E-05,0.000170267
0.958905722,0.009693454,0.031135477,6.02118E-05,0.000151586,4.60197E-05,1.26749E-06,4.33802E-06,1.92414E-06
0.141606716,0.747229729,0.034595643,0.047171745,0.021243714,0.001168362,0.005396329,0.000542876,0.001044886
0.717334782,0.260844584,0.005004014,0.014671622,0.000113487,0.000551741,0.001464228,2.48244E-06,1.30602E-05
0.515148494,0.391263839,0.027924441,0.034514602,0.023465186,0.00579054,0.001256676,0.000584641,5.15795E-05
0.547906972,0.243739454,0.056575127,0.000355229,0.085314605,0.034087671,0.014203527,0.016257445,0.00155997
0.51413836,0.198718509,0.134160438,0.143335893,0.002118557,0.003315639,0.001799772,0.002008746,0.000404085
0.064798296,0.662057303,0.222217681,0.042803903,0.00336274,0.003430476,0.001012973,0.000231234,8.5393E-05
0.100096631,0.313038334,0.015555274,0.325957342,0.023884385,0.01886395,0.028561326,0.078844001,0.095198758
0.725015119,0.25544974,0.018064656,0.000874106,0.00032625,1.0396E-05,0.000255968,1.22012E-06,2.5446E-06
0.383294806,0.389031749,0.06225636,0.075448954,0.012389104,0.030223278,0.046527917,0.000827597,2.34776E-07
0.373720922,0.441907846,0.00542607,0.111295247,0.030613289,0.001648499,0.024200558,5.24653E-05,0.011135104
0.396073589,0.560763559,0.003379718,0.024861231,0.003467758,0.005392005,0.002622537,0.001726842,0.001712759
0.102793886,0.878294905,0.012707663,0.002781974,0.00015599,0.000644439,0.002491481,6.09879E-05,6.86731E-05
0.321370969,0.624344413,0.022144803,0.005229934,0.021996556,0.00409792,0.000447665,0.000309604,5.81367E-05
0.377454979,0.053732719,0.373029248,0.10345138,0.092260449,3.26275E-05,1.29972E-05,9.12751E-06,1.64729E-05
0.885368542,0.062814069,0.008798745,0.016035758,0.011594244,0.014174134,0.000451921,0.000757066,5.52196E-06
0.627392967,0.096370126,0.037011768,0.193326354,0.015536901,0.010645668,0.008462701,0.004421974,0.006831542
0.759698591,0.179840761,0.035566487,0.023017587,0.000623931,9.16483E-05,0.000952649,0.000139777,6.85687E-05
0.381933022,0.504886482,0.015690869,0.047193696,0.025918841,0.017792014,0.00474838,0.001206273,0.000630424
0.355418751,0.150080071,0.266504496,0.208470512,0.016084712,7.58953E-05,0.00167235,0.001207245,0.000485966
0.653935541,0.303480411,0.019236115,0.020929453,0.000948902,0.001005737,0.000272254,2.56232E-05,0.000165964
0.151259742,0.102445472,0.659630786,0.061369865,0.015808032,0.007397273,0.000695795,4.05969E-05,0.001352439
0.829472963,0.018243662,0.097563098,0.037139342,0.007960858,0.00261449,0.002781661,0.002887576,0.00133635
0.116029011,0.400831141,0.036278248,0.233378248,0.050482443,0.135937208,0.016940697,0.009676485,0.000446519
0.841124622,0.109286758,0.013901672,0.009576359,0.003736338,0.004426517,0.006811407,0.008700473,0.002435854
0.36833697,0.433219891,0.095616379,0.088773122,0.00063149,0.006356945,0.003084097,0.001248397,0.002732711
0.555314192,0.431489016,0.002762981,0.001915175,0.001174561,0.002815622,0.000389753,0.003023301,0.001115399
0.684210901,0.076787378,0.063920121,0.027605722,0.096406436,0.025877696,0.020048926,0.00385271,0.00129011
0.280301568,0.620981627,0.098698959,8.44801E-06,5.2242E-06,2.358E-06,1.11531E-06,1.82954E-07,5.17786E-07
0.785695992,0.085911945,0.010402448,0.062254671,0.039720096,0.005929903,0.001851591,0.002755165,0.00547819
0.448175797,0.096503827,0.140201048,0.132262937,0.09249711,0.01902204,0.000228747,0.062103047,0.009005445
0.508071428,0.076438702,0.014335801,0.252099612,0.058425518,0.040277597,0.024370283,0.024754958,0.001226102
0.265431631,0.593723623,0.018978014,0.023911226,0.033806757,0.059785073,0.00010493,0.003245284,0.001013462
0.259975442,0.716998568,0.016440292,0.004225396,0.000365606,0.001645703,0.00023095,3.00796E-05,8.79639E-05
0.93265426,0.013421393,0.031401574,0.018927247,0.003247644,0.000188589,9.05538E-05,3.27874E-05,3.59521E-05
0.056832048,0.502421102,0.425210243,0.014310639,0.000661496,6.98465E-05,0.00045769,2.41031E-05,1.2832E-05
0.969130148,0.00185703,0.028617816,5.41336E-05,0.000321043,1.058E-05,3.39927E-06,2.95478E-06,2.89581E-06
0.061808946,0.684772209,0.180514105,0.005984211,0.056566495,0.003198923,0.006192586,0.000238113,0.000724414
0.704883114,0.184340266,0.086918531,0.013695622,0.00498719,0.002149266,0.002180222,0.000826099,1.96889E-05
0.698692166,0.055400996,0.095608775,0.028658607,0.055548554,0.044779072,0.003154046,0.013695871,0.004461914
0.388904898,0.241342384,0.164054732,0.040789682,0.006923231,0.092028761,0.020671277,0.012071918,0.033213118
0.410161327,0.380609207,0.057621373,0.138752802,0.001175747,0.001729128,0.000847836,0.001289998,0.007812582
0.292506332,0.375928538,0.001607872,0.021030859,0.16618637,0.006676879,0.091754704,0.004390273,0.039918173
0.735032906,0.202980366,0.047268968,0.009336253,0.002844938,0.001811582,0.000164648,0.00044733,0.000113009
0.329391253,0.645836708,0.002047952,0.007690686,0.000125669,0.011309561,0.000726502,7.33835E-05,0.002798287
0.119815612,0.523606847,0.250181223,0.02866038,0.067508679,0.006493614,0.002683129,0.00025788,0.000792636
0.392180181,0.314030259,0.060469332,0.160651681,0.000643168,0.014147933,0.020889264,0.013517012,0.023471169
0.429841513,0.094713055,0.311272967,0.114211719,0.025222178,0.011571195,0.002135587,0.005014181,0.006017606
0.803218741,0.125479186,0.008212061,0.001756852,0.043333911,0.006123355,0.00020915,0.005142087,0.006524657
0.923194959,0.043361626,0.032534276,0.000741608,3.47096E-05,0.000129826,1.48344E-06,4.33948E-07,1.07778E-06
0.456919558,0.217227813,0.177550309,0.11884392,0.005192431,0.010608352,0.009108962,0.000143854,0.004404802
0.883111331,0.056384097,0.035710441,0.00941636,0.002829343,0.010554483,0.001380798,0.000589185,2.39631E-05
0.791907503,0.108357814,0.007896598,0.051777232,0.009556117,0.017234473,0.00962107,0.002032773,0.00161642
0.055404119,0.620448708,0.272231452,0.006622675,0.034709317,0.009646988,6.95719E-05,0.00026142,0.000605749
0.830125659,0.052728709,0.048833934,0.060779636,0.003164962,0.001407828,0.001084178,0.001684239,0.000190856
0.080804201,0.666352426,0.166815574,0.015672308,0.033576478,0.034881928,0.000377039,0.000308217,0.00121183
0.773097065,0.076025181,0.020019669,0.110089167,0.001836904,0.017610443,0.000542301,0.000399476,0.000379793
0.27620695,0.506696628,0.142988463,0.036314088,0.004243591,0.0307725,0.002651252,5.79479E-06,0.000120733
0.674180794,0.317322631,0.008031293,0.000325075,6.42979E-05,7.56769E-05,5.58321E-08,9.704E-08,7.93694E-08
0.164835937,0.505394587,0.176967898,0.144766098,0.003922497,0.002909804,0.000341059,0.000463225,0.000398895
0.6369224,0.10227581,0.260074907,0.000481448,0.000126515,9.84479E-05,5.718E-06,7.32287E-06,7.43152E-06
0.291087464,0.196627897,0.294802973,0.042330357,0.047050315,0.046463406,0.062146783,0.005087923,0.014402882
0.504841561,0.132217351,0.003866927,0.163091995,0.043289185,0.018624578,0.046984857,0.012121743,0.074961804
0.056201518,0.424638664,0.404636881,0.105087281,0.002036802,0.006891814,1.44106E-05,0.000123985,0.000368644
0.927489024,0.022539147,0.022070216,0.019274407,0.00312601,0.00479584,8.21859E-05,0.000571185,5.19856E-05
0.276031802,0.40589186,0.260931825,0.051794218,0.001967418,0.002042805,0.001210702,2.76578E-05,0.000101712
0.125178749,0.1554477,0.234131596,0.328111727,0.019741619,0.040937417,0.077887084,0.011900264,0.006663844
0.823895866,0.005150668,0.090180203,0.045021376,0.010691075,0.023306053,0.000347864,0.000568993,0.000837901
0.753033224,0.231558357,0.004585677,0.009422686,0.000987271,0.000331553,6.0113E-05,2.04368E-05,6.80979E-07
0.635670591,0.265675281,0.037197722,0.011105364,0.047562183,0.001542951,0.000684604,0.000397433,0.000163871
0.562666679,0.071874478,0.300589521,0.022647827,0.003400934,0.007745126,0.00674002,0.00677937,0.017556045
0.381837518,0.017086353,0.142215351,0.166854399,0.077272634,0.115469882,0.015831053,0.059605817,0.023826994
0.597907137,0.376432826,0.020937972,0.003635725,0.000254998,0.000694656,6.784E-05,2.22904E-05,4.6556E-05
0.727001825,0.248305087,0.015008047,0.008272403,0.001183388,5.88794E-05,0.000151523,4.61055E-06,1.42376E-05
0.271138707,0.655743561,0.023677178,0.026510659,0.019568229,0.001388139,0.001104887,0.000347308,0.000521331
0.369294508,0.295267801,0.137510022,0.189249921,0.001605002,0.001401401,0.001090582,0.000567688,0.004013075
0.013413267,0.504952879,0.103663534,0.284060232,0.032945905,0.036146761,5.23679E-05,0.001652191,0.023112863
0.53193311,0.125917162,0.230180748,0.110232711,0.001292874,0.000293477,3.64544E-05,0.000102467,1.09963E-05
0.067359236,0.439253429,0.265991845,0.113423516,0.081957568,0.025730962,0.005390584,0.000344319,0.000548541
0.654119399,0.012996637,0.137147835,0.016378477,0.069848103,0.05979671,0.03225045,0.004568879,0.01289351
0.748956819,0.165864706,0.012543219,0.048575891,0.019882713,0.000999734,0.001053843,0.001897117,0.00022596
0.137807927,0.056890041,0.609273018,0.007473312,0.015262953,0.150340349,0.005529194,0.007355351,0.010067854
0.627951519,0.144102828,0.20432385,0.021648497,0.001533108,5.75175E-05,0.000168827,0.000187575,2.62791E-05
0.582460005,0.329651889,0.079531473,0.006972715,0.001173976,6.18102E-05,1.46959E-05,7.14215E-05,6.20142E-05
0.376389117,0.294994081,0.029268518,0.107293376,0.125341604,0.043788492,0.00444843,0.011543872,0.006932511
0.864813775,0.127829369,0.001587397,0.004780426,0.000616431,0.000215348,0.00015497,1.13242E-06,1.15021E-06
0.66682003,0.314857291,0.011272649,0.006324,0.000108585,0.000381901,4.44799E-06,9.85644E-06,0.000221239
0.931870981,0.058058737,0.005740769,0.000226796,0.001963132,0.000104186,0.001439598,0.000332742,0.000263058
0.178541555,0.031599487,0.534547366,0.253209411,0.001885776,3.78105E-05,0.000108929,1.65592E-05,5.31055E-05
0.554394205,0.227838971,0.161106803,0.027931831,0.006360153,0.020100143,0.00135452,0.000454852,0.000458524
0.309321295,0.336615555,0.008493444,0.257398562,0.052908288,0.028300987,0.002225447,0.001000775,0.003735649
0.708979041,0.178777043,0.032078452,0.046639345,0.004901809,0.010256691,0.016465859,0.000547016,0.001354744
0.821921976,0.029935176,0.005039425,0.079414188,0.058071753,0.004327094,0.001078455,0.000134963,7.69699E-05
0.562118615,0.338885299,0.074970102,0.008296881,0.014283503,0.000172806,0.000146576,0.000396384,0.000729835
0.14165256,0.17601467,0.234478567,0.376177313,0.06479529,0.004331944,0.001437773,0.000235144,0.00087674
0.731836453,0.152569508,0.028363461,0.040308832,0.036442288,0.002747977,0.000302674,0.003864168,0.00356464
0.23861375,0.203754431,0.406606826,0.061235759,0.05494837,0.020616234,0.003870134,0.003187829,0.007166667
0.879211156,0.101634063,0.009452019,0.000874576,0.002317652,0.001411153,0.001214713,0.003565784,0.000318885
0.161608168,0.355986537,0.482266527,3.94555E-05,9.48401E-05,1.36692E-06,1.94148E-06,4.19837E-08,1.12239E-06
0.576912078,0.060219951,0.258946227,0.03557708,0.055198475,0.008351742,0.003726966,0.00090137,0.000166111
0.394899774,0.056379824,0.516173712,0.003104429,0.003951799,0.01487092,0.005409338,0.003153953,0.002056249
0.695196497,0.018173089,0.144330401,0.137932462,0.002091036,6.22137E-05,0.000125189,0.001171061,0.00091805
0.940643192,0.026763769,0.022859593,0.001257361,0.004514616,0.002432191,0.000147104,0.000237534,0.001144639
0.251769117,0.336423345,0.093561334,0.056143885,0.163843486,0.041369838,0.015891498,0.033222095,0.007775402
0.770224716,0.003274109,0.153409842,0.026125649,0.032136904,0.013679334,0.00040133,0.000515525,0.000232592
0.34979961,0.033884527,0.562011204,0.04743639,0.006189601,0.000111203,0.000454124,3.91812E-05,7.41592E-05
0.246383054,0.0335431,0.033667656,0.356264505,0.31516631,2.71259E-05,0.003848663,0.009730534,0.001369051
0.078763654,0.313274673,0.312738426,0.087141479,0.05048871,0.154985172,0.001532058,0.000990588,8.52409E-05
0.716981455,0.179172312,0.090546441,0.01210938,0.000977891,0.000115404,4.69312E-05,4.12709E-05,8.91523E-06
0.473615563,0.300233276,0.222878928,0.000729168,0.001078372,0.000214304,0.000707016,0.000179835,0.000363536
0.447375662,0.184390068,0.363233887,0.000160879,0.003442859,0.000823619,0.000336938,0.000149287,8.68011E-05
0.540863887,0.176685922,0.055972106,0.154884713,0.034675626,0.01651052,0.01670695,0.001316866,0.00238341
0.126814609,0.664522551,0.191666975,0.012364756,0.000349198,0.001034561,0.00202949,0.000482054,0.000735806
0.46561026,0.344044844,0.186637762,0.000982617,0.00037247,0.000650452,0.001174894,0.000503385,2.33162E-05
0.196678073,0.47665105,0.171346285,0.033194425,0.018016789,0.04831084,0.055495053,0.000219688,8.77974E-05
0.056246231,0.794537521,0.115690808,0.032213558,0.000915899,0.000213103,3.43185E-05,0.000140768,7.79385E-06
0.042841959,0.104239187,0.641360984,0.017969343,0.132454899,0.041656791,0.006547117,0.012365822,0.000563898
0.348717962,0.621493014,0.006062162,0.022433566,0.000836493,0.000438616,7.52771E-06,3.06482E-06,7.59476E-06
0.969956644,0.029617408,0.000102558,0.000149812,0.000137646,1.48709E-07,2.57627E-05,3.2337E-06,6.78717E-06
0.764074547,0.174203131,0.030311223,0.020253873,0.006549945,0.003270322,0.000699186,0.000291184,0.000346589
0.458528181,0.386684334,0.120243329,0.007018222,0.013963509,0.003614437,0.009666037,1.58142E-05,0.000266136
0.411680951,0.108022087,0.416521817,0.039778393,0.010449127,0.001733653,0.009863173,0.000106568,0.001844231
0.088763415,0.330861667,0.000345338,0.577118648,0.002047808,0.000480662,0.000305273,5.09191E-05,2.62699E-05
0.513759227,0.467034497,0.016242579,0.002257968,0.00030202,0.000139245,6.63496E-05,1.68765E-05,0.000181237
0.410639663,0.569875596,0.005155935,0.003446543,0.008884329,0.000120163,0.00057935,0.000668916,0.000629505
0.447372932,0.338394574,0.03881546,0.003081644,0.148054677,0.014142933,0.007257786,0.001160154,0.001719842
0.011889509,0.25343989,0.131978855,0.063392092,0.367789297,0.108246581,0.014786579,0.003003142,0.045474054
0.629950931,0.235211228,0.062840142,0.069368861,0.001992254,0.000522155,1.78339E-05,7.6061E-05,2.05337E-05
0.237470489,0.597531353,0.101627428,0.032689771,0.016522079,0.009343746,0.003774719,0.000663152,0.000377263
0.205126946,0.562957645,0.163626885,0.06194282,0.002936615,0.003263556,5.03727E-06,0.000119133,2.13635E-05
0.97562708,0.00309991,0.009469376,0.007158899,0.000448979,0.003695423,0.000179913,1.38984E-05,0.000306522
0.460595322,0.30060071,0.067532182,0.023069638,0.115843238,0.01481459,0.003526969,0.010278996,0.003738355
0.464325169,0.320948093,0.026746556,0.027412879,0.094661429,0.043709011,0.00401951,0.0027943,0.015383053
0.779970712,0.064460945,0.118406594,0.030976028,0.001981288,0.002151315,0.00132699,0.000407501,0.000318627
0.314052235,0.442095128,0.24182155,0.0018551,0.000163591,2.30651E-06,2.00507E-06,4.76143E-06,3.32325E-06
0.893626638,0.043106196,0.030748636,0.003915315,0.012946633,0.009523681,0.002169737,0.000564625,0.003398538
0.786408806,0.167956894,0.012477357,0.029297558,0.000239,0.002078017,0.000505433,0.000156323,0.000880613
0.608533899,0.133445581,0.171132121,0.013140235,0.003673807,0.050511776,0.011657532,0.005765504,0.002139544
0.870224222,0.067653959,0.020565956,0.018493519,0.007421917,0.012858803,0.0020701,0.000512945,0.000198578
0.455833968,0.269395528,0.107058885,0.05985507,0.099369758,0.0077342,0.000122235,0.000406006,0.000224349
0.659671397,0.058845865,0.169893139,0.000889335,0.109795557,0.000801668,3.82948E-05,2.16589E-05,4.30846E-05
0.349144328,0.316389098,0.092509744,0.023951677,0.029713583,0.152384457,0.012817602,0.022000927,0.001088584
0.153443426,0.351812907,0.418444424,0.06085673,0.006229212,0.003405003,0.001780068,0.001806372,0.002221859
0.988651547,0.002742876,0.006050776,0.002126636,5.11914E-05,2.13414E-05,0.00015686,0.000168662,3.01098E-05
0.449842888,0.206185153,0.1087372,0.014375647,0.005035698,0.136499748,0.011792311,0.056835278,0.010696077
0.291966086,0.134210625,0.018516174,0.241170738,0.002883729,0.102661668,0.150035328,0.039441951,0.019113701
0.226631388,0.271428372,0.48746609,0.010612263,0.003516798,0.000192218,0.000118867,2.7139E-06,3.12894E-05
0.835818556,0.050791405,0.038282437,0.045237397,0.029642446,2.82383E-05,0.000154166,4.4014E-06,4.09525E-05
0.680968821,0.311981677,0.00697679,7.22723E-05,2.18086E-08,3.44514E-07,6.79593E-08,2.10649E-09,2.85489E-09
0.512609611,0.438596287,0.00341871,0.013609692,0.029935356,0.001278981,0.00044146,1.38463E-05,9.60568E-05
0.768522321,0.013817826,0.014456042,0.006408119,0.048772327,0.024722187,0.030617049,0.076077296,0.016606833
0.567734944,0.281179715,0.050389324,0.0561274,0.001623508,0.04288849,2.80494E-06,9.25502E-06,4.45591E-05
0.051057519,0.562881979,0.19572187,0.133299918,0.040014521,0.006807652,0.007010111,0.003087428,0.000119004
0.743104308,0.204845376,0.014273056,0.029383621,0.001669522,0.002643131,0.000312784,0.001632694,0.002135508
0.835235881,0.108850621,0.026713741,0.023266297,0.001729203,0.003095677,0.000198199,0.000733006,0.000177375
0.870727116,0.046965851,0.070950189,0.005149133,0.004708026,0.000147944,0.000340514,0.000759614,0.000251612
0.344564484,0.296130962,0.086010243,0.063627062,0.063344209,0.084157292,0.040121009,0.009378671,0.012666067
0.033517082,0.850508289,0.039640807,0.022374888,0.051652046,0.001280684,0.000882688,0.000105723,3.7793E-05
0.91745193,0.042757517,0.022630704,0.000939038,0.003770749,0.004228144,0.000301008,0.006868989,0.00105192
0.157873231,0.727601812,0.109673924,0.000499341,0.001387051,0.002664199,2.02576E-05,0.00016846,0.000111725
0.399447569,0.300927496,0.088401437,0.01387384,0.05904686,0.088538278,0.046808602,0.002086062,0.000869856
0.648234479,0.102603613,0.113874075,0.021333509,0.107969106,0.004034365,0.000324779,0.001022654,0.000603419
0.104782066,0.209139073,0.433790672,0.113184263,0.129657895,0.001159303,0.002354909,0.004551215,0.001380605
0.116021301,0.226723137,0.532634291,0.082261206,0.009119677,0.007125964,0.008488742,0.005386399,0.012239284
0.361571254,0.566109996,0.005829681,0.026258997,0.016008545,0.015764314,0.004609824,0.003686967,0.000160423
0.951133839,0.019568983,0.000354296,0.027075143,0.000889862,0.000601559,1.95663E-05,0.000283371,7.33818E-05
0.379392046,0.035084746,0.566510934,0.01324266,0.000303795,0.00066083,0.002686605,0.000508892,0.001609492
0.30731656,0.407655838,0.244945438,0.019628564,0.013103057,0.002456839,0.004442273,0.000310305,0.000141125
0.836024275,0.13374559,0.012414825,0.013792851,0.000522188,0.002447175,0.000740864,0.000140873,0.00017136
0.463226179,0.14485049,0.128645095,0.073545672,0.091053333,0.014586479,0.01577176,0.01855484,0.049766152
0.06269574,0.275693049,0.593228106,0.062775184,0.001456543,0.003582086,0.000224909,0.00011421,0.000230172
0.772097287,0.007330521,0.016588585,0.061689284,0.105527925,0.031083285,0.003259333,0.001135887,0.001287894
0.436208058,0.290167665,0.023250794,0.141055625,0.048192516,0.048192134,0.005529262,0.000210296,0.007193648
0.642588845,0.01063387,0.261998733,0.045735462,0.029862876,0.00883474,0.000151004,0.000162104,3.23664E-05
0.365198443,0.120041623,0.480823404,0.028247628,0.003564868,0.001443489,0.000610135,1.10032E-05,5.94066E-05
0.251522034,0.716259201,0.02454458,0.006112663,0.000490936,0.000380782,0.000381306,5.19437E-05,0.000256554
0.929382609,0.008179657,0.05697355,0.004153158,0.000726412,0.000471969,0.000101668,2.08161E-06,8.89471E-06
0.747682884,0.085590528,0.151225191,0.002476878,0.007574375,0.00267324,0.001337135,0.001393578,4.61898E-05
0.819080691,0.05087498,0.025919935,0.057682918,0.036714958,0.001708111,0.002733764,0.002195994,0.003088649
0.776854548,0.087740863,0.066253239,0.026788974,0.028766344,0.008526914,0.002944104,0.001116295,0.001008719
0.454304632,0.321395628,0.004820749,0.204898877,0.011303724,0.000148746,0.002709665,0.000296519,0.000121462
0.548741609,0.149863769,0.295191092,0.003854138,0.001067412,0.001091305,8.88869E-05,8.01081E-05,2.168E-05
0.703747778,0.176410151,0.110257052,0.001413469,0.004567733,3.49956E-05,0.000307588,0.001356018,0.001905216
0.684401482,0.141625944,0.062081359,0.029240168,0.031572634,0.038601608,0.002079567,0.005203048,0.00519419
0.246708907,0.637976306,0.081535038,0.008735097,0.017204013,0.007593801,3.40985E-05,0.00015546,5.728E-05
0.535882151,0.143061525,0.254352275,0.048312082,0.009759276,0.00766755,0.000847932,0.000101608,1.55998E-05
0.270291459,0.693800804,0.002233825,0.032444178,0.000720856,8.81081E-05,1.04764E-05,0.000308171,0.000102122
0.103565188,0.865323915,0.013994022,0.006157424,0.002928991,0.006126661,0.001428878,0.000394726,8.01961E-05
0.1659146,0.24274535,0.187590882,0.338266471,0.032670053,0.029392347,0.000187944,0.000160657,0.003071696
0.622661772,0.31448018,0.000942487,0.017332654,0.036794082,0.006068775,0.000368204,0.001178515,0.00017333
0.440688582,0.556438124,0.000993404,0.001712461,5.34168E-05,9.92833E-05,8.76678E-07,4.65149E-06,9.20059E-06
0.574392365,0.044484126,0.171052171,0.092181396,0.037763581,0.075541802,0.003867246,0.000684901,3.24107E-05
0.703184988,0.033949862,0.005997963,0.24968955,0.004441072,0.002646587,1.71634E-06,5.42659E-05,3.39955E-05
0.607058762,0.2044477,0.176428536,0.007196552,0.003478059,0.001278948,5.88094E-05,2.46194E-06,5.01714E-05
0.850423297,0.099421991,0.001420917,0.020029079,0.008204101,0.004587834,0.011813857,0.001865967,0.002232958
0.272745304,0.046921408,0.044073132,0.174984757,0.349771388,0.084332665,0.003852268,0.01357328,0.0097458
0.129101587,0.094729961,0.140295169,0.040768757,0.096687912,0.424326617,0.041884527,0.00110437,0.031101098
0.52251096,0.312472379,0.067467546,0.051484469,0.031165809,0.006673703,0.005220125,0.002945221,5.97881E-05
0.603951323,0.050543808,0.114150735,0.184795054,0.034806061,0.009707886,0.001653042,0.000238479,0.000153614
0.914375793,0.035482885,0.021607718,0.002958972,0.004277,0.014851778,0.005311309,0.00073086,0.000403685
0.551382793,0.132797337,0.158864333,0.059090419,0.074117557,0.017182872,0.004154623,0.000563903,0.001846163
0.987903931,0.00396952,0.00477539,0.002372084,0.000602505,0.00024372,3.44532E-05,2.87402E-05,6.96574E-05
0.072795972,0.523305452,0.352270341,0.01471688,0.023758779,0.003352596,0.004868849,0.003777781,0.001153351
0.42519722,0.064891989,0.100781342,0.278631671,0.107876793,0.010705018,0.00727827,0.001482325,0.003155373
0.251348289,0.568230365,0.008176794,0.093184117,0.014812076,0.02240883,0.033289181,0.003390057,0.005160291
0.929103235,0.029013624,0.040359859,0.000938822,0.000313106,7.62643E-05,3.25133E-05,4.03474E-05,0.000122227
0.391143752,0.403452178,0.100261389,0.091434139,0.011069621,0.001531203,0.000175478,0.000784966,0.000147274
0.496653126,0.162190066,0.297156637,0.034256583,0.000665811,0.005440186,0.001324688,0.000855309,0.001457594
0.722900142,0.192357196,0.01070443,0.022110191,0.028449446,0.007556124,0.014496678,0.001353467,7.23263E-05
0.858180667,0.139269934,0.00144956,0.000287522,0.00043096,6.5753E-05,1.67254E-05,0.00015879,0.00014009
0.210339532,0.676452407,0.009166666,0.002867779,0.057352235,0.035166465,0.002689751,8.57109E-05,0.005879454
0.18937037,0.730987128,0.029846828,0.031523444,0.003516809,0.003162698,0.009366951,8.32799E-05,0.002142493
0.476872388,0.342105754,0.054882128,0.04813286,0.04469049,0.022274286,0.009207171,0.001383144,0.000451779
0.578213994,0.246125306,0.052032269,0.095271866,0.009090501,0.01346782,0.002940147,8.27679E-06,0.002849821
0.964978277,0.014550333,0.010697309,0.00582267,0.000505692,0.001131863,0.000424099,2.84511E-05,0.001861305
0.68537079,0.144427262,0.038260288,0.037644177,0.091760046,0.00138257,0.000772132,6.47585E-05,0.000317974
0.899131827,0.064829841,0.034291114,0.000653283,0.001082799,1.35284E-06,1.6131E-06,5.88576E-06,2.28518E-06
0.57033859,0.217708119,0.159840356,0.029493878,0.015225418,9.06689E-05,0.006956811,0.000206958,0.000139201
0.949220795,0.012138866,0.008555614,0.012688089,0.014694881,0.000787675,0.001547331,0.000264798,0.000101949
0.613145607,0.229208294,0.024873753,0.062768953,0.059100516,0.003831199,0.004764579,0.001064409,0.00124269
0.849527472,0.064301219,0.049792381,0.021654313,0.012742484,0.001251917,0.000350492,4.48156E-05,0.000334906
0.457599048,0.14823388,0.243092849,0.07430501,0.02612059,0.035187617,0.002401982,0.007820365,0.005238659
0.614660312,0.115748644,0.160275675,0.040182176,0.023341792,0.021584059,0.021084935,0.001545985,0.001576422
0.907491587,0.064938253,0.02117028,0.004023574,0.001652485,0.000525854,0.0001605,2.21571E-05,1.53095E-05
0.308195043,0.42193611,0.028732698,0.23786973,0.000666686,0.001181643,0.00030359,0.001071104,4.33959E-05
0.870975806,0.120167958,0.004020937,0.002099111,0.002092489,9.67417E-05,0.000394811,0.000102087,5.00598E-05
0.800893524,0.16276902,0.005851497,0.028501597,0.000717925,0.001260664,2.52846E-06,1.88364E-06,1.36129E-06
0.859338563,0.044680954,0.081867043,0.00032751,0.001945285,0.010832846,0.000970108,1.3495E-05,2.41963E-05
0.907058127,0.03790355,0.021071191,0.01324352,0.018551972,0.000652358,0.000532348,0.000336604,0.00065033
0.276710152,0.062979099,0.333892777,0.103085128,0.113275333,0.084656943,0.009349888,0.010257727,0.005792952
0.93598258,0.062077568,0.00174601,0.000126825,2.83991E-05,6.69062E-06,1.47245E-06,2.6605E-05,3.85024E-06
0.171727473,0.503190973,0.033500939,0.161645289,0.086075124,0.043826923,1.76605E-05,7.87732E-06,7.74188E-06
0.644617949,0.152583587,0.022284893,0.095795778,0.054960957,0.010076965,0.016640993,0.002986531,5.23482E-05
0.713682226,0.26509422,0.006463442,0.001881989,0.0010354,0.010231275,0.000346168,0.000551868,0.000713414
0.403067121,0.244196802,0.046677803,0.299121858,0.003662962,0.001469724,0.000395865,0.001078642,0.000329221
0.965688495,0.024522193,0.006436313,0.002178278,0.000552416,0.000560765,2.54286E-05,2.58908E-05,1.022E-05
0.199525357,0.507751966,0.173617927,0.094555981,0.021217924,0.001863951,0.000452452,0.000231809,0.000782634
0.175764699,0.785478172,0.029522413,0.006757547,0.001722639,0.000563905,2.18423E-05,0.00016104,7.74306E-06
0.382095915,0.092664862,0.067613621,0.003797727,0.349026176,0.053121116,0.045336057,0.000803693,0.005540834
0.273964825,0.270361866,0.002165453,0.304419329,0.090316386,0.0079373,0.00637803,0.044189051,0.000267759
0.520158784,0.256635687,0.065612175,0.024375029,0.075676429,0.03265412,0.017769774,0.005416478,0.001701526
0.149887143,0.655241518,0.029136627,0.098422211,0.016943557,0.045908705,0.004416082,9.90543E-07,4.31665E-05
0.233802573,0.467639054,0.004869527,0.088941683,0.119527901,0.053608272,0.015786729,0.01504235,0.00078191
0.197299359,0.464804251,0.082091285,0.195842084,0.015255631,0.001110081,0.017024146,0.00794712,0.018626042
0.953790781,0.023814886,0.017617272,0.00192944,0.001461414,0.000477234,0.000867938,2.50291E-05,1.60057E-05
0.64853726,0.157754238,0.079918172,0.036981303,0.043940911,0.029219961,0.001177091,0.000395373,0.002075691
0.730395431,0.001641138,0.228744385,0.006105649,0.006562951,0.006900036,0.004044561,0.01193286,0.00367299
0.77279223,0.155749689,0.047825747,0.000586536,0.016045436,0.006337728,0.00044074,0.00020403,1.78641E-05
0.713590225,0.17356913,0.063984312,0.019452352,0.008674463,0.017970914,0.002511142,9.35077E-05,0.000153953
0.995694859,0.002058826,0.000590588,0.001509451,0.000117296,7.48052E-06,5.49131E-06,4.57962E-06,1.14289E-05
0.320753524,0.600332536,0.075441493,0.003418371,2.83461E-05,9.36419E-06,6.61811E-06,2.07912E-06,7.66886E-06
0.148425623,0.759298464,0.056472498,0.034238513,0.000967363,0.000268254,0.000282664,2.94604E-05,1.71602E-05
0.10663351,0.371875236,0.293012532,0.074646586,0.035353706,0.102742306,0.010188556,0.000430945,0.005116622
0.023031233,0.486021632,0.009880768,0.390592,0.018319429,0.001569981,0.058112526,0.002801822,0.00967061
0.846737641,0.046449121,0.084566289,0.007329447,0.001521032,0.006238343,0.003585619,0.002848778,0.000723731
0.573773049,0.394733101,0.010795738,0.009813166,0.009551976,0.000542441,0.000470503,0.000276431,4.35952E-05
0.768759559,0.069564265,0.123054385,0.012621246,0.018863778,0.003845854,0.002476027,0.000137155,0.000677732
0.712950537,0.158547724,0.069656874,0.04751612,0.010702459,0.000476364,5.30252E-05,4.52833E-05,5.16136E-05
0.901025905,0.084503348,0.004050812,2.18905E-06,0.008804475,0.001444712,0.000136919,3.08147E-05,8.24905E-07
0.038402866,0.008939086,0.008698181,0.625007475,0.056882712,0.116580362,0.056373239,0.001902167,0.087213911
0.279752277,0.229724254,0.173535421,0.244903024,0.049116852,0.013187074,0.009461262,6.86269E-05,0.000251209
0.637891479,0.218275325,0.027753269,0.091243188,0.005569778,0.006965663,0.00483065,0.004352991,0.003117658
0.75473929,0.020388733,0.146878479,0.054185493,0.017162363,0.002450439,0.003456905,0.000165255,0.000573044
0.351223112,0.644075844,0.001830976,0.002699077,4.29309E-05,2.97136E-05,3.75575E-05,2.02684E-05,4.05211E-05
0.831924322,0.130873902,0.014165493,0.004408879,0.012047208,0.004159554,0.00212894,0.000146946,0.000144755
0.151106779,0.420802662,0.345255635,0.082662329,4.84528E-05,8.62235E-06,9.82944E-05,3.28849E-06,1.39375E-05
0.388245671,0.379023501,0.076867024,0.028462533,0.023157804,0.004686642,0.06365803,0.005836608,0.030062187
0.550146028,0.167637151,0.04968395,0.100660541,0.041550944,0.08298749,0.007261915,6.7999E-05,3.98065E-06
0.564665474,0.005478747,0.257816135,0.123269776,0.035244283,0.012317264,0.000847128,7.41426E-05,0.00028705
0.613250839,0.377335941,0.003411708,0.004951779,0.000107512,0.000901393,2.14965E-05,7.8611E-06,1.14715E-05
0.487184074,0.064681662,0.227811397,0.025045366,0.05082064,0.080761227,0.048538252,0.006550562,0.008606821
0.278445061,0.392146686,0.318115016,0.003079801,0.00059375,0.003250177,0.000547468,0.001587403,0.002234638
0.046384607,0.693088675,0.258318537,0.000685429,0.001379741,4.59591E-05,4.43059E-05,2.01246E-05,3.26214E-05
0.653780692,0.112859498,0.027810858,0.003634476,0.102876404,0.069972819,0.0046271,0.006244754,0.018193398
0.306181153,0.142343957,0.527063956,0.020461609,0.00238344,0.000863521,0.000108203,0.000172365,0.000421797
0.064847835,0.85870669,0.008305202,0.063405453,0.001131021,0.002155847,0.000439524,1.07188E-05,0.00099771
0.648424516,0.186574,0.025795946,0.13382445,0.004066358,0.000771889,0.000502266,2.20683E-05,1.85062E-05
0.089871544,0.288137539,0.509543341,0.01406292,0.09759242,0.00076722,1.96908E-05,6.33068E-07,4.69347E-06
0.335713616,0.157490594,0.380781722,0.102916338,0.013668301,0.006649091,0.000719865,0.000105613,0.001954859
0.045089761,0.357104482,0.12529951,0.06104283,0.075966713,0.260419452,0.072182586,0.001930351,0.000964315
0.750640236,0.129397672,0.101744708,0.007790158,0.010344942,3.45659E-05,3.02969E-06,4.42603E-05,4.28612E-07
0.569922828,0.2147048,0.054221566,0.089613617,0.022513285,0.014805663,0.004203065,0.011396419,0.018618759
0.063906948,0.559792879,0.299693675,0.028686175,0.044704276,0.001755976,0.000707658,0.000666019,8.63952E-05
0.516706592,0.447410125,0.007856254,0.004906971,0.012549165,0.009971222,2.92433E-06,0.000330503,0.000266243
0.797196727,0.145352791,0.042062583,0.007603277,0.001316156,0.00157855,0.00282479,0.002048036,1.70901E-05
0.420350207,0.029801975,0.537126804,0.001333342,0.004624937,0.002817447,0.000960507,0.002077111,0.000907671
0.477891314,0.454488095,0.061304765,0.000540861,0.003507287,0.000742729,0.000708107,0.000188503,0.000628341
0.703574329,0.127052697,0.099162501,0.066038223,0.001513858,0.002300239,5.61896E-05,0.000223613,7.83493E-05
0.855777846,0.044868175,0.011026209,0.023372873,0.047287196,0.013042168,0.003950016,1.19804E-05,0.000663538
0.119510718,0.354362255,0.112752714,0.2417478,0.138462381,0.005278921,0.025825531,0.001998982,6.06979E-05
0.794904348,0.081054485,0.083841498,0.034025191,0.005641824,0.000248054,4.7297E-05,0.000228237,9.06632E-06
0.593663607,0.041156838,0.030842415,0.206101126,0.023518285,0.055419137,0.026016049,0.015161211,0.008121333
0.559863878,0.313421174,0.052410336,0.020770648,0.004905915,0.036664115,0.004741303,0.007182568,4.00636E-05
0.032603834,0.29397402,0.412710904,0.068060972,0.177270171,0.002651837,0.009977333,0.002351517,0.000399412
0.177888607,0.508230558,0.129570988,0.058393111,0.036797988,0.042876675,0.023589792,0.016102119,0.00655016
0.188908898,0.406651405,0.01452173,0.318467926,0.038738475,0.031981746,0.000278763,0.000384379,6.6678E-05
0.130788383,0.415596469,0.377509429,0.051021051,0.023906065,0.000150591,0.000200111,0.000789352,3.8548E-05
0.648288396,0.348562302,0.001789285,0.000284332,0.000510743,0.000338424,4.51792E-05,5.3125E-05,0.000128214
0.103069391,0.830666513,0.007524136,0.032686364,0.016942565,0.002926193,0.001408959,0.00090801,0.003867868
0.190952055,0.531762642,0.052042935,0.061971587,0.03160137,0.030000575,0.010735986,0.031948188,0.058984661
0.89313704,0.073778553,0.006672373,0.002482918,0.008431376,0.004935051,0.00789175,0.000204913,0.002466026
0.453051455,0.411196199,0.124618544,0.000557907,0.00644947,0.00264107,4.50434E-05,0.001003165,0.000437147
0.685103258,0.059610347,0.150410345,0.103884713,3.78348E-05,0.000324329,0.000550974,2.13465E-05,5.68528E-05
0.945024966,0.051869544,0.002136716,1.06915E-05,3.9415E-05,0.000854409,2.18577E-05,3.13046E-05,1.10966E-05
0.157345102,0.825871238,0.002676514,0.012304521,0.000987398,0.00078418,1.27804E-05,1.64817E-05,1.78441E-06
0.993511955,0.002501022,0.000319899,0.000125966,0.000802606,6.6982E-05,0.000445507,0.000971825,0.001254236
0.770437843,0.10536311,0.015435637,0.100583976,0.002737236,0.000403827,0.003004078,0.001214126,0.000820166
0.628580442,0.083350222,0.144370614,0.092030672,0.040636131,0.002588662,0.00567946,0.001814812,0.000948985
0.612288969,0.209013263,0.136099699,0.00300838,0.016566338,0.01362847,0.002669442,0.000600333,0.006125107
0.098353913,0.462420909,0.32930724,0.087216394,0.000280567,0.018726264,0.001309712,0.000139203,0.002245796
0.074119868,0.139465993,0.379004923,0.28654305,0.00130298,0.035848574,0.079570873,0.00174621,0.002397527
0.248475628,0.718194114,0.018743778,0.002439521,0.009043911,0.000203277,0.000666925,0.000645525,0.00158732
0.935899505,0.027980242,0.011647389,0.010395124,0.009423998,0.001053252,0.001588201,0.00158652,0.000425768
0.144379646,0.117385135,0.154076762,0.280431409,0.195177717,0.015722351,0.077545356,0.006044906,0.009236717
0.671837786,0.28450101,0.042780173,7.67544E-05,0.000132649,0.000652203,7.41347E-06,2.28572E-06,9.72498E-06
0.587922838,0.13174261,0.2024972,0.03678776,0.015865966,0.023885741,0.000467947,0.000706153,0.000123784
0.07720307,0.064500746,0.193914991,0.603916932,0.013006976,0.005235892,0.039396412,0.000854817,0.001970165
0.512900812,0.336384495,0.012491626,0.018374125,0.042262141,0.026772218,0.034113254,0.006341766,0.010359564
0.753584373,0.177429749,0.038241374,0.018818521,0.001562216,0.008628499,0.001463093,7.28654E-05,0.000199309
0.661814637,0.15181077,0.133963294,0.040329024,0.01137122,0.00062392,5.97424E-05,1.28367E-05,1.45566E-05
0.876780995,0.007175575,0.025957963,0.083742553,0.001056896,0.000239068,0.001700366,0.000891363,0.002455221
0.221679589,0.055163271,0.445819018,0.203888374,0.049639393,0.007401924,0.008757368,0.002428987,0.005222077
0.044038856,0.187486442,0.110226048,0.046836185,0.063065031,0.092634187,0.008148339,0.015534904,0.432030008
0.528385394,0.107922163,0.347341753,0.016152296,0.000159046,2.63734E-06,1.60431E-05,9.11497E-06,1.1553E-05
0.230522579,0.246892084,0.017258097,0.341668356,0.084601676,0.026617382,0.024826624,0.027278419,0.000334783
0.466807548,0.105513858,0.078121223,0.089339763,0.157713791,0.099264887,0.002794961,0.000153853,0.000290117
0.28077797,0.011612744,0.09277707,0.138132252,0.409659646,0.050195898,0.000694095,0.003305063,0.012845262
0.356347045,0.043150144,0.039805165,0.254115975,0.073391331,0.12967803,0.010392563,0.015680625,0.077439122
0.506135133,0.042803182,0.003217694,0.246202158,0.114896964,0.021645206,0.05675539,0.001702693,0.006641581
0.642391556,0.320762319,0.017743519,0.01265105,0.002548896,1.0823E-05,0.002117277,0.001184339,0.000590221
0.556618298,0.034493974,0.262834399,0.007335066,0.033761831,0.079334589,0.001931367,0.00058713,0.023103347
0.841997812,0.144775065,0.012127801,0.000445516,0.000508031,1.01307E-05,0.000133035,4.78248E-07,2.13033E-06
0.83660945,0.11583054,0.046756434,0.000681613,0.000115133,4.14099E-06,1.41413E-06,3.80264E-07,8.95022E-07
0.032462179,0.329752378,0.169734141,0.020804156,0.366150932,0.037979217,0.015416339,0.007837221,0.019863436
0.962567803,0.02271365,0.013513324,0.000662412,0.00029977,0.000164673,7.33684E-05,1.04907E-06,3.95154E-06
0.083375917,0.688177449,0.110655228,0.05619918,0.047652038,0.008742273,0.004811335,0.000352491,3.40879E-05
0.845575013,0.038763673,0.108620928,0.004926689,0.001240626,0.00082775,1.07444E-05,6.21142E-06,2.83639E-05
0.574220848,0.310775784,0.066786069,0.035189593,0.008781101,0.001145124,0.002427993,0.000203732,0.000469756
0.10073773,0.590522816,0.034054013,0.124631036,0.047709963,0.025993667,0.029403893,0.003779805,0.043167077
0.146468363,0.50055033,0.167422078,0.014023092,0.01208811,0.090667838,0.056026814,0.002837735,0.00991564
0.92953173,0.007911447,0.038170626,0.0228973,0.00018933,0.001038118,2.43239E-05,0.000138594,9.85306E-05
0.148308669,0.007465197,0.162271686,0.234271576,0.369305727,0.024237422,0.045673061,0.004744269,0.003722394
0.758082889,0.166721919,0.028475977,0.021955511,0.016313276,0.007532792,0.000172673,0.000431322,0.000313641
